camera_matrix:
- - 1004.3862839206074
  - 0.0
  - 525.080331692693
- - 0.0
  - 803.1110841083971
  - 359.3045852134887
- - 0.0
  - 0.0
  - 1.0
dist_coeff:
- - 0.1908548399418186
  - -0.2773017192793188
  - 0.0017752041362056343
  - -0.030724845363834397
  - -0.3148288107044431
